Juego Fecha Posicion Victorias MonedasTotales MonedasGanadas TiempoJugado(min) Duracion(min) Jugador
Bowling 24-03-2026 305 51 159465 149 100 120 Diego
Warship 26-03-2026 101 60 133332 125 120 120 Diego
Racer(V) 28-03-2026 52 43 94393 228 60 60 Diego
Racer(V) 28-03-2026 681 27 94393 27 60 60 Suso
Golf 28-03-2026 166 31 78104 73 60 60 Diego
Golf 28-03-2026 529 25 78104 22 60 60 Suso
Warship 28-03-2026 764 18 68862 20 60 60 Suso
Warship 28-03-2026 88 34 68862 166 60 60 Diego
Fishing(V) 28-03-2026 27 34 75935 250 60 60 Diego
Fishing(V) 28-03-2026 1133 15 75935 22 60 60 Suso
Bowling 29-03-2026 76 61 112429 272 120 120 Diego
Warship 05-04-2026 78 64 225580 546 120 120 Diego
Warship 05-04-2026 981 35 225580 66 120 120 Suso
Bowling 06-04-2026 565 49 264991 77 75 120 Diego
Racer 07-04-2026 110 71 278438 261 105 120 Diego
Fishing 09-04-2026 35 70 265997 878 110 120 Diego
Fishing 09-04-2026 907 40 265997 78 110 120 Suso
Golf 12-04-2026 80 65 252993 612 120 120 Diego
Golf 12-04-2026 523 50 252993 74 120 120 Suso
Warship 13-04-2026 68 66 237260 574 120 120 Diego
Warship 13-04-2026 785 40 237260 68 110 120 Suso
Bowling 14-04-2026 236 53 215494 202 108 120 Diego
Racer 16-04-2026 371 57 213232 200 120 120 Suso
Fishing 19-04-2026 21 72 181643 855 120 120 Diego
Fishing 19-04-2026 383 49 181643 170 120 120 Suso
Golf 20-04-2026 751 39 194114 56 110 120 Suso
Warship 21-04-2026 704 37 170139 49 110 120 Suso
Bowling 23-04-2026 372 48 160625 150 120 120 Suso
Warship 25-04-2026 110 34 81809 76 60 60 Diego
Warship 25-04-2026 490 24 81809 76 60 60 Suso
Fishing(V) 25-04-2026 71 31 80840 195 60 60 Diego
Racer(V) 25-04-2026 69 42 97422 235 60 60 Diego
Racer(V) 25-04-2026 246 34 97422 91 60 60 Suso
Bowling 25-04-2026 400 26 78533 73 55 60 Diego
Bowling 25-04-2026 568 23 78533 23 60 60 Suso
Golf 25-04-2026 61 36 81968 198 60 60 Diego
Golf 25-04-2026 299 28 81968 76 60 60 Suso
Racer 26-04-2026 62 72 126751 306 120 120 Diego
Racer 26-04-2026 719 38 126751 37 105 120 Suso
Fishing 27-04-2026 865 31 127902 37 90 120 Suso
Golf 28-04-2026 365 44 115043 108 78 120 Diego
Golf 28-04-2026 306 46 115043 108 110 120 Suso
Warship 30-04-2026 24 67 79481 374 120 120 Diego
Bowling 03-05-2026 115 61 247080 232 120 120 Diego
Bowling 03-05-2026 702 42 247080 72 105 120 Suso
Racer 04-05-2026 78 73 266138 644 120 120 Diego
Racer 04-05-2026 510 55 266138 78 120 120 Suso
Fishing 05-05-2026 20 74 254732 1199 110 120 Diego
Fishing 05-05-2026 1188 37 254732 74 90 120 Suso
Warship 10-05-2026 29 72 230116 759 120 120 Diego
Warship 10-05-2026 554 45 230116 67 120 120 Suso
Bowling 11-05-2026 388 51 238182 223 120 120 Suso
Racer 12-05-2026 207 61 239910 225 120 120 Suso
Fishing 14-05-2026 6 77 228011 1073 120 120 Diego
Fishing 14-05-2026 502 47 228011 66 120 120 Suso
Golf 17-05-2026 93 62 204118 494 120 120 Diego
Golf 17-05-2026 413 48 204118 191 120 120 Suso
Warship 18-05-2026 79 63 210585 509 102 120 Diego
Warship 18-05-2026 457 46 210585 197 120 120 Suso
Bowling 19-05-2026 114 60 205461 192 120 120 Suso
Racer 21-05-2026 97 70 193036 467 102 120 Diego
Racer 21-05-2026 269 57 193036 181 120 120 Suso
Fishing 24-05-2026 348 47 158312 148 120 120 Suso
Golf 25-05-2026 416 47 169703 159 120 120 Suso
Warship 26-05-2026 975 28 145140 42 90 120 Suso
Bowling 30-05-2026 245 27 66657 62 60 60 Suso
Fishing(V) 30-05-2026 795 16 64200 18 60 60 Suso
Fishing(V) 30-05-2026 25 34 64200 302 NA 60 NA
Fishing(V) 30-05-2026 50 32 64200 211 NA 60 NA
Fishing(V) 30-05-2026 100 29 64200 155 NA 60 NA
Fishing(V) 30-05-2026 500 21 64200 60 NA 60 NA
Golf 30-05-2026 452 25 77482 72 60 60 Suso
Warship 30-05-2026 888 16 72334 21 60 60 Suso
Racer 31-05-2026 1062 26 109592 32 24 120 Diego
Fishing 01-06-2026 25 71 229392 1080 NA 120 NA
Fishing 01-06-2026 50 67 229392 757 NA 120 NA
Fishing 01-06-2026 100 61 229392 555 NA 120 NA
Fishing 01-06-2026 500 48 229392 215 NA 120 NA
Golf 02-06-2026 19 72 231725 1091 110 120 Diego
Golf 02-06-2026 410 50 231725 217 120 120 Suso
Golf 02-06-2026 25 71 231725 1091 NA 120 NA
Golf 02-06-2026 50 67 231725 764 NA 120 NA
Golf 02-06-2026 100 62 231725 560 NA 120 NA
Golf 02-06-2026 500 50 231725 217 NA 120 NA
Warship 04-06-2026 35 69 221587 731 120 120 Diego
Warship 04-06-2026 1146 31 221587 65 80 120 Suso
Warship 04-06-2026 25 72 221587 1043 NA 120 NA
Warship 04-06-2026 50 67 221587 731 NA 120 NA
Warship 04-06-2026 100 61 221587 536 NA 120 NA
Warship 04-06-2026 500 45 221587 208 NA 120 NA
Bowling 07-06-2026 25 72 222978 1050 NA 120 NA
Bowling 07-06-2026 41 68 222978 736 120 120 Diego
Bowling 07-06-2026 50 67 222978 736 NA 120 NA
Bowling 07-06-2026 100 63 222978 539 NA 120 NA
Bowling 07-06-2026 462 50 222978 209 NA 120 NA
Bowling 07-06-2026 500 49 222978 209 120 120 Suso
Racer 08-06-2026 25 82 251293 1183 NA 120 NA
Racer 08-06-2026 50 78 251293 829 NA 120 NA
Racer 08-06-2026 100 73 251293 608 NA 120 NA
Racer 08-06-2026 500 55 251293 235 NA 120 NA
Fishing 09-06-2026 4 81 238947 1125 120 120 Diego
Fishing 09-06-2026 25 72 238947 1125 NA 120 NA
Fishing 09-06-2026 50 67 238947 788 NA 120 NA
Fishing 09-06-2026 100 62 238947 578 NA 120 NA
Fishing 09-06-2026 500 49 238947 224 NA 120 NA
Fishing 09-06-2026 543 47 238947 70 120 120 Suso
Golf 11-06-2026 25 71 218597 1029 NA 120 NA
Golf 11-06-2026 33 70 218597 721 110 120 Diego
Golf 11-06-2026 50 67 218597 721 NA 120 NA
Golf 11-06-2026 100 63 218597 529 NA 120 NA
Golf 11-06-2026 500 47 218597 205 NA 120 NA
Golf 11-06-2026 548 45 218597 64 120 120 Suso
Warship 14-06-2026 18 75 191385 901 120 120 Diego
Warship 14-06-2026 25 74 191385 901 NA 120 NA
Warship 14-06-2026 50 67 191385 631 NA 120 NA
Warship 14-06-2026 100 62 191385 463 NA 120 NA
Warship 14-06-2026 446 47 191385 179 120 120 Suso
Warship 14-06-2026 500 45 191385 179 NA 120 NA
Bowling 15-06-2026 25 70 214266 1009 NA 120 NA
Bowling 15-06-2026 50 66 214266 707 NA 120 NA
Bowling 15-06-2026 100 61 214266 518 NA 120 NA
Bowling 15-06-2026 121 60 214266 201 120 120 Suso
Bowling 15-06-2026 500 48 214266 201 NA 120 NA
Racer 16-06-2026 25 83 210004 989 NA 120 NA
Racer 16-06-2026 50 76 210004 693 NA 120 NA
Racer 16-06-2026 100 71 210004 508 NA 120 NA
Racer 16-06-2026 452 55 210004 197 120 120 Suso
Racer 16-06-2026 500 53 210004 197 NA 120 NA
Fishing 18-06-2026 25 70 184194 867 NA 120 NA
Fishing 18-06-2026 50 63 184194 608 NA 120 NA
Fishing 18-06-2026 100 59 184194 445 NA 120 NA
Fishing 18-06-2026 213 51 184194 172 120 120 Suso
Fishing 18-06-2026 500 45 184194 172 NA 120 NA
Golf 21-06-2026 3 85 163262 970 120 120 Diego
Golf 21-06-2026 25 70 163262 768 NA 120 NA
Golf 21-06-2026 50 66 163262 538 NA 120 NA
Golf 21-06-2026 100 61 163262 395 NA 120 NA
Golf 21-06-2026 327 48 163262 153 120 120 Suso
Golf 21-06-2026 500 44 163262 153 NA 120 NA
Warship 22-06-2026 25 71 161851 762 NA 120 NA
Warship 22-06-2026 50 66 161851 534 NA 120 NA
Warship 22-06-2026 100 59 161851 391 NA 120 NA
Warship 22-06-2026 500 43 161851 151 NA 120 NA
Warship 22-06-2026 579 39 161851 47 120 120 Suso
Bowling 23-06-2026 25 69 148990 701 NA 120 NA
Bowling 23-06-2026 50 65 148990 491 NA 120 NA
Bowling 23-06-2026 68 62 148990 360 120 120 Diego
Bowling 23-06-2026 100 59 148990 360 NA 120 NA
Bowling 23-06-2026 205 51 148990 139 120 120 Suso
Bowling 23-06-2026 500 44 148990 139 NA 120 NA
Racer 25-06-2026 25 81 146943 692 NA 120 NA
Racer 25-06-2026 50 76 146943 485 NA 120 NA
Racer 25-06-2026 86 71 146943 355 85 120 Diego
Racer 25-06-2026 100 69 146943 355 NA 120 NA
Racer 25-06-2026 378 52 146943 137 120 120 Suso
Racer 25-06-2026 500 49 146943 137 NA 120 NA
Warship 27-06-2026 25 40 76019 358 NA 60 NA
Warship 27-06-2026 37 39 76019 250 55 60 Diego
Warship 27-06-2026 50 38 76019 250 NA 60 NA
Warship 27-06-2026 100 33 76019 184 NA 60 NA
Warship 27-06-2026 306 26 76019 71 60 60 Suso
Warship 27-06-2026 500 23 76019 71 NA 60 NA
Fishing(V) 27-06-2026 25 35 78928 371 NA 60 NA
Fishing(V) 27-06-2026 32 34 78928 260 60 60 Diego
Fishing(V) 27-06-2026 50 32 78928 260 NA 60 NA
Fishing(V) 27-06-2026 100 30 78928 191 NA 60 NA
Fishing(V) 27-06-2026 500 22 78928 74 NA 60 NA
Fishing(V) 27-06-2026 1500 13 78928 23 NA 60 NA
Racer 27-06-2026 15 46 72638 342 60 60 Diego
Racer 27-06-2026 25 45 72638 342 NA 60 NA
Racer 27-06-2026 50 42 72638 239 NA 60 NA
Racer 27-06-2026 100 38 72638 175 NA 60 NA
Racer 27-06-2026 151 35 72638 68 60 60 Suso
Racer 27-06-2026 500 27 72638 68 NA 60 NA
Bowling 27-06-2026 23 39 69453 327 60 60 Diego
Bowling 27-06-2026 25 39 69453 327 NA 60 NA
Bowling 27-06-2026 50 36 69453 229 NA 60 NA
Bowling 27-06-2026 100 33 69453 168 NA 60 NA
Bowling 27-06-2026 215 28 69453 65 60 60 Suso
Bowling 27-06-2026 500 23 69453 65 NA 60 NA
Golf 27-06-2026 16 42 74946 352 60 60 Diego
Golf 27-06-2026 25 40 74946 352 NA 60 NA
Golf 27-06-2026 50 37 74946 247 NA 60 NA
Golf 27-06-2026 100 34 74946 181 NA 60 NA
Golf 27-06-2026 500 24 74946 70 NA 60 NA
Fishing 28-06-2026 5 78 107252 505 120 120 Diego
Fishing 28-06-2026 25 69 107252 505 NA 120 NA
Fishing 28-06-2026 50 64 107252 354 NA 120 NA
Fishing 28-06-2026 56 63 107252 259 120 120 Suso
Fishing 28-06-2026 100 58 107252 259 NA 120 NA
Fishing 28-06-2026 500 40 107252 100 NA 120 NA
Warship 30-06-2026 21 70 79033 372 120 120 Diego
Warship 30-06-2026 25 68 79033 372 NA 120 NA
Warship 30-06-2026 50 61 79033 260 NA 120 NA
Warship 30-06-2026 100 56 79033 191 NA 120 NA
Warship 30-06-2026 196 45 79033 74 120 120 Suso
Warship 30-06-2026 500 35 79033 74 NA 120 NA
Warship 30-06-2026 1500 10 79033 23 NA 120 NA
Bowling 02-07-2026 25 72 237241 1117 NA 120 NA
Bowling 02-07-2026 26 71 237241 783 120 120 Diego
Bowling 02-07-2026 50 67 237241 783 NA 120 NA
Bowling 02-07-2026 100 62 237241 574 NA 120 NA
Bowling 02-07-2026 275 52 237241 222 115 120 Suso
Bowling 02-07-2026 500 48 237241 222 NA 120 NA
Bowling 02-07-2026 1500 31 237241 69 NA 120 NA
Racer 05-07-2026 5 92 258988 1219 120 120 Diego
Racer 05-07-2026 25 82 258988 1219 NA 120 NA
Racer 05-07-2026 50 78 258988 854 NA 120 NA
Racer 05-07-2026 100 72 258988 626 NA 120 NA
Racer 05-07-2026 255 62 258988 243 120 120 Suso
Racer 05-07-2026 500 56 258988 243 NA 120 NA
Racer 05-07-2026 1500 36 258988 75 NA 120 NA
Fishing 06-07-2026 4 79 249321 1174 120 120 Diego
Fishing 06-07-2026 25 73 249321 1174 NA 120 NA
Fishing 06-07-2026 50 68 249321 823 NA 120 NA
Fishing 06-07-2026 100 63 249321 603 NA 120 NA
Fishing 06-07-2026 247 54 249321 234 120 120 Suso
Fishing 06-07-2026 500 50 249321 234 NA 120 NA
Fishing 06-07-2026 1500 33 249321 73 NA 120 NA
Golf 07-07-2026 25 72 237731 1119 NA 120 NA
Golf 07-07-2026 50 69 237731 784 NA 120 NA
Golf 07-07-2026 100 63 237731 575 NA 120 NA
Golf 07-07-2026 242 53 237731 223 120 120 Suso
Golf 07-07-2026 500 48 237731 223 NA 120 NA
Golf 07-07-2026 1500 32 237731 69 NA 120 NA
Warship 09-07-2026 24 73 219857 1035 120 120 Diego
Warship 09-07-2026 25 73 219857 1035 NA 120 NA
Warship 09-07-2026 50 68 219857 725 NA 120 NA
Warship 09-07-2026 100 63 219857 532 NA 120 NA
Warship 09-07-2026 500 46 219857 206 NA 120 NA
Warship 09-07-2026 1500 29 219857 64 NA 120 NA
Bowling 12-07-2026 25 73 218159 1027 NA 120 NA
Bowling 12-07-2026 50 69 218159 720 NA 120 NA
Bowling 12-07-2026 100 63 218159 528 NA 120 NA
Bowling 12-07-2026 500 49 218159 204 NA 120 NA
Bowling 12-07-2026 1500 31 218159 64 NA 120 NA
Racer 13-07-2026 18 84 225543 1062 120 120 Diego
Racer 13-07-2026 25 83 225543 1062 NA 120 NA
Racer 13-07-2026 50 79 225543 744 NA 120 NA
Racer 13-07-2026 100 73 225543 546 NA 120 NA
Racer 13-07-2026 301 60 225543 211 120 120 Suso
Racer 13-07-2026 500 55 225543 211 NA 120 NA
Racer 13-07-2026 1500 33 225543 66 NA 120 NA
Fishing 14-07-2026 4 85 206066 970 120 120 Diego
Fishing 14-07-2026 25 73 206066 970 NA 120 NA
Fishing 14-07-2026 50 67 206066 680 NA 120 NA
Fishing 14-07-2026 100 62 206066 498 NA 120 NA
Fishing 14-07-2026 365 50 206066 193 120 120 Suso
Fishing 14-07-2026 500 48 206066 193 NA 120 NA
Fishing 14-07-2026 1500 29 206066 60 NA 120 NA
Golf 16-07-2026 25 72 208078 979 NA 120 NA
Golf 16-07-2026 30 70 208078 686 120 120 Diego
Golf 16-07-2026 50 67 208078 686 NA 120 NA
Golf 16-07-2026 100 63 208078 503 NA 120 NA
Golf 16-07-2026 500 47 208078 195 NA 120 NA
Golf 16-07-2026 1500 29 208078 61 NA 120 NA
Warship 19-07-2026 19 75 186789 879 120 120 Diego
Warship 19-07-2026 25 72 186789 879 NA 120 NA
Warship 19-07-2026 50 68 186789 616 NA 120 NA
Warship 19-07-2026 100 62 186789 452 NA 120 NA
Warship 19-07-2026 480 46 186789 175 120 120 Suso
Warship 19-07-2026 500 45 186789 175 NA 120 NA
Warship 19-07-2026 1500 26 186789 54 NA 120 NA
Bowling 20-07-2026 25 72 211595 996 NA 120 NA
Bowling 20-07-2026 50 68 211595 698 NA 120 NA
Bowling 20-07-2026 100 62 211595 512 NA 120 NA
Bowling 20-07-2026 360 50 211595 198 120 120 Suso
Bowling 20-07-2026 500 48 211595 198 NA 120 NA
Bowling 20-07-2026 1500 31 211595 62 NA 120 NA
Racer 21-07-2026 25 83 206667 973 NA 120 NA
Racer 21-07-2026 27 82 206667 682 120 120 Diego
Racer 21-07-2026 50 77 206667 682 NA 120 NA
Racer 21-07-2026 100 73 206667 500 NA 120 NA
Racer 21-07-2026 341 57 206667 194 120 120 Suso
Racer 21-07-2026 500 54 206667 194 NA 120 NA
Racer 21-07-2026 1500 32 206667 60 NA 120 NA
Fishing 23-07-2026 5 81 178917 842 120 120 Diego
Fishing 23-07-2026 25 71 178917 842 NA 120 NA
Fishing 23-07-2026 50 65 178917 590 NA 120 NA
Fishing 23-07-2026 100 60 178917 433 NA 120 NA
Fishing 23-07-2026 500 46 178917 168 NA 120 NA
Fishing 23-07-2026 798 36 178917 52 120 120 Suso
Fishing 23-07-2026 1500 27 178917 52 NA 120 NA
Racer 25-07-2026 25 48 104947 494 NA 60 NA
Racer 25-07-2026 50 43 104947 346 NA 60 NA
Racer 25-07-2026 100 40 104947 254 NA 60 NA
Racer 25-07-2026 500 31 104947 98 NA 60 NA
Racer 25-07-2026 714 26 104947 30 30 60 Suso
Racer 25-07-2026 1500 18 104947 30 NA 60 NA
Bowling 25-07-2026 25 42 101323 477 NA 60 NA
Bowling 25-07-2026 50 38 101323 334 NA 60 NA
Bowling 25-07-2026 100 35 101323 245 NA 60 NA
Bowling 25-07-2026 500 27 101323 95 NA 60 NA
Bowling 25-07-2026 755 22 101323 29 60 60 Suso
Bowling 25-07-2026 1500 17 101323 29 NA 60 NA
Fishing(V) 25-07-2026 25 35 72920 343 NA 60 NA
Fishing(V) 25-07-2026 50 32 72920 240 NA 60 NA
Fishing(V) 25-07-2026 100 29 72920 176 NA 60 NA
Fishing(V) 25-07-2026 490 22 72920 68 60 60 Suso
Fishing(V) 25-07-2026 500 22 72920 68 NA 60 NA
Fishing(V) 25-07-2026 1500 12 72920 21 NA 60 NA
Golf 26-07-2026 25 71 132313 623 NA 120 NA
Golf 26-07-2026 50 66 132313 436 NA 120 NA
Golf 26-07-2026 100 61 132313 320 NA 120 NA
Golf 26-07-2026 263 50 132313 124 120 120 Suso
Golf 26-07-2026 500 45 132313 124 NA 120 NA
Golf 26-07-2026 1500 21 132313 38 NA 120 NA
Warship 27-07-2026 17 72 128073 603 120 120 Diego
Warship 27-07-2026 25 71 128073 603 NA 120 NA
Warship 27-07-2026 50 64 128073 422 NA 120 NA
Warship 27-07-2026 100 58 128073 310 NA 120 NA
Warship 27-07-2026 500 41 128073 120 NA 120 NA
Warship 27-07-2026 765 30 128073 37 120 120 Suso
Warship 27-07-2026 1500 20 128073 37 NA 120 NA
Racer 30-07-2026 4 89 130499 614 120 120 Diego
Racer 30-07-2026 25 81 130499 614 NA 120 NA
Racer 30-07-2026 50 76 130499 430 NA 120 NA
Racer 30-07-2026 100 69 130499 315 NA 120 NA
Racer 30-07-2026 465 51 130499 122 120 120 Suso
Racer 30-07-2026 500 50 130499 122 NA 120 NA
Racer 30-07-2026 1500 21 130499 38 NA 120 NA